4			
1	21	27	29
20	26	28	41 
0	0	0	0	   
0	0	1	1	   
0	1	2	2	   
0	2	3	3	   
1	3	4	4	   
2	4	5	5	   
3	5	6	6	   
4	6	7	7	   
5	7	8	8	   
6	8	9	9	   
7	9	10	10	   
8	10	11	11	   
9	11	12	12	   
10	11	13	13	   
11	12	14	14	   
11	13	15	15	   
12	13	16	16	   
12	14	17	17	   
13	15	18	18	   
14	15	19	18	   
15	16	20	19	   
15	16	21	20	   
16	17	22	20	   
16	18	23	21	   
17	19	24	22	   
17	19	25	22	   
18	20	26	23	   
18	20	26	23	   
19	20	27	24	   
20	21	27	24	   
20	21	28	25	   
20	22	28	26	   
21	23	29	27	   
21	24	29	27	   
21	25	30	27	   
22	25	30	28	   
22	26	31	28	   
23	26	32	29	   
24	26	33	30	   
24	27	33	30	   
24	27	33	31	   
25	28	34	31	   
25	28	34	32	   
25	29	34	33	   
26	30	35	33	   
27	30	35	34	   
27	31	36	34	   
27	31	37	35	   
27	31	37	35	   
28	32	37	35	   
28	32	38	36	   
29	33	38	37	   
29	34	38	38	   
29	34	39	38	   
30	35	39	38	   
30	35	40	39	   
30	36	40	39	   
30	36	41	40	   
31	36	41	40	   
32	37	41	40	   
32	37	41	41	   
32	38	42	42	   
32	39	43	43	   
32	39	43	43	   
33	40	43	43	   
34	40	43	44	   
35	40	44	44	   
35	41	44	45	   
35	41	44	45	   
36	42	45	45	   
36	42	45	46	   
36	42	46	47	   
37	43	46	47	   
37	43	46	48	   
38	43	46	48	   
38	43	46	48	   
38	44	47	48	   
38	45	48	49	   
38	45	49	50	   
39	45	49	50	   
40	45	49	50	   
40	45	50	50	   
40	46	50	50	   
40	47	50	51	   
41	47	50	51	   
41	47	51	52	   
42	47	52	52	   
42	48	52	52	   
42	48	52	53	   
43	48	52	53	   
43	49	52	53	   
43	49	53	53	   
44	50	54	54	   
44	50	54	55	   
45	50	54	55	   
45	50	54	55	   
45	51	55	55	   
45	52	55	55	   
45	52	55	56	   
46	52	56	57	   
47	52	56	57	   
47	52	57	57	   
47	52	57	57	   
47	53	57	58	   
48	54	57	58	   
48	54	57	58	   
49	54	58	59	   
49	54	59	59	   
49	54	59	59	   
50	55	59	59	   
50	55	59	60	   
50	56	60	60	   
51	56	60	60	   
51	56	60	61	   
52	56	61	61	   
52	56	61	61	   
52	57	62	61	   
52	57	62	62	   
52	57	62	62	   
53	58	62	63	   
54	58	63	63	   
54	58	64	63	   
54	59	64	63	    
54	59	64	63	   
55	59	64	63	   
55	59	64	64	   
56	60	65	65	   
56	60	65	65	   
56	60	66	65	   
57	61	66	65	   
57	61	66	65	   
57	61	67	65	   
58	61	67	66	   
58	61	67	67	   
58	62	67	67	   
58	63	68	67	   
59	63	69	67	   
59	63	69	67	   
59	63	69	68	   
60	63	69	68	   
60	63	69	68	   
60	64	70	69	   
60	64	70	69	   
60	64	71	69	   
61	64	71	69	   
61	65	71	70	   
62	65	71	70	   
62	66	71	70	   
62	66	72	70	   
62	66	73	70	   
63	66	73	70	   
63	66	73	71	   
63	66	73	72	   
63	67	73	72	   
63	67	73	72	   
63	68	74	72	   
64	68	74	72	   
65	68	74	73	   
65	68	75	73	   
65	69	75	73	   
65	69	75	73	   
65	69	75	74	   
66	69	76	74	   
66	69	76	74	   
66	69	76	75	   
66	70	76	75	   
67	71	76	75	   
67	71	76	75	   
68	71	77	75	   
68	71	78	75	   
68	71	78	76	   
68	72	78	76	   
68	72	78	77	   
68	72	78	77	   
69	72	79	77	   
69	72	79	77	   
70	72	79	78	   
70	73	79	78	   
70	73	80	78	   
70	74	80	78	   
71	74	80	78	   
71	74	81	78	   
71	74	81	79	   
71	75	81	79	   
71	75	81	79	   
72	75	81	80	   
73	75	81	80	   
73	75	82	80	   
73	75	83	80	   
73	76	83	81	   
73	76	83	81	   
73	77	83	81	   
74	78	83	81	   
74	78	83	81	   
74	78	84	82	   
74	78	84	82	   
75	79	84	82	   
75	79	84	83	   
76	79	85	84	   
76	79	85	84	   
76	79	86	84	   
76	79	86	84	   
76	80	86	85	   
77	80	86	85	   
77	81	86	85	   
77	81	86	85	   
77	81	87	85	   
77	81	87	85	   
77	82	88	86	   
78	82	88	86	   
79	82	88	87	   
79	82	88	87	   
79	82	88	87	   
79	82	89	87	   
79	83	89	88	   
80	83	89	88	   
80	84	89	88	   
80	84	89	88	   
80	84	90	88	   
80	84	90	88	   
81	85	90	89	   
81	85	91	89	   
81	85	91	90	   
81	85	91	90	   
82	85	91	90	   
82	85	92	90	   
82	86	92	91	   
83	86	92	91	   
83	86	92	91	   
83	87	92	91	   
83	87	92	91	   
83	87	93	91	   
84	88	93	92	   
84	88	93	92	   
84	88	93	92	   
84	88	93	93	   
84	88	94	93	   
85	88	94	93	   
85	89	95	93	   
86	89	95	94	   
86	89	95	94	   
86	90	95	94	   
86	90	95	94	   
86	90	96	94	   
87	91	96	95	   
87	91	96	95	   
87	91	96	95	   
87	91	96	96	   
87	91	96	96	   
88	91	97	96	   
88	92	97	96	   
88	92	98	97	   
88	92	98	97	   
88	92	98	97	   
89	93	98	97	   
90	93	98	97	   
90	94	99	97	   
90	94	99	98	   
90	94	99	98	   
90	94	99	98	   
90	94	99	99	   
91	94	99	99	   
91	95	100	99	   
91	95	100	100	   
91	95	100	100	   
91	95	100	100	   
92	96	101	100	   
92	96	101	100	   
92	97	102	100	   
92	97	102	101	   
92	97	102	101	   
93	97	102	101	   
94	97	102	102	   
94	97	102	102	   
94	98	103	102	   
94	98	103	102	   
94	98	103	103	   
94	98	103	103	   
95	98	103	103	   
95	99	103	103	   
95	100	104	103	   
95	100	104	104	   
95	100	104	104	   
96	100	105	104	   
96	100	105	104	   
96	100	105	105	   
96	101	105	105	   
96	101	106	105	   
97	101	106	106	   
97	101	106	106	   
97	101	106	106	   
98	102	106	106	   
98	103	107	106	   
98	103	107	106	   
98	103	107	107	   
99	103	107	107	   
99	103	107	107	   
99	103	107	108	   
99	104	108	108	   
99	104	108	108	   
100	104	108	109	   
100	104	108	109	   
100	104	108	109	   
100	105	109	109	   
100	106	109	109	   
101	106	110	109	   
101	106	110	110	   
101	106	110	110	   
101	106	110	110	   
101	106	110	110	   
101	107	110	111	   
102	107	111	111	   
103	107	111	111	   
103	107	111	112	   
103	107	111	112	   
103	108	111	112	   
103	109	112	112	   
104	109	112	112	   
104	109	112	113	   
104	109	112	113	   
104	109	112	113	   
104	109	112	113	   
105	110	113	114	   
105	110	114	114	   
105	110	114	114	   
105	110	114	115	   
105	110	114	115	   
105	111	114	115	   
106	111	114	115	   
106	112	115	115	   
106	112	115	115	   
106	112	115	116	   
106	112	115	116	   
107	112	115	116	   
108	113	115	116	   
108	113	116	117	   
108	113	116	117	   
108	113	116	118	   
108	113	116	118	   
109	114	116	118	   
109	114	117	118	   
109	115	117	118	   
109	115	117	118	   
109	115	117	119	   
109	115	117	119	   
110	115	117	119	   
110	116	118	119	   
110	116	119	120	   
110	116	119	120	   
110	116	119	120	   
111	116	119	121	   
111	117	119	121	   
111	117	119	121	   
111	117	120	121	   
111	118	120	121	   
112	118	120	122	   
112	118	120	122	   
112	118	120	122	   
112	119	120	122	   
113	119	121	122	   
113	119	121	123	   
113	119	121	123	   
114	119	121	124	   
114	120	121	124	   
114	120	122	124	   
114	120	122	124	   
114	120	122	124	   
115	120	122	124	   
115	121	122	125	   
115	121	122	125	   
115	121	123	125	   
115	121	124	125	   
116	122	124	125	   
116	122	124	126	   
116	122	124	126	   
116	123	124	126	   
116	123	124	126	   
116	123	125	126	   
117	123	125	127	   
117	123	125	127	   
117	124	125	128	   
117	124	125	128	   
117	124	126	128	   
118	124	126	128	   
119	124	126	128	   
120	124	126	129	   
120	125	126	129	   
120	125	126	129	   
120	125	127	129	   
120	125	127	129	   
121	125	127	129	   
121	126	127	130	   
121	126	127	130	   
121	126	127	130	   
121	126	128	130	   
121	126	128	130	   
122	126	129	130	   
122	127	130	131	   
122	128	130	131	   
122	128	130	131	   
122	128	130	131	   
123	128	130	131	   
123	128	131	132	   
123	129	131	133	   
123	129	131	133	   
123	129	131	133	   
123	129	131	133	   
124	129	132	133	   
124	129	132	133	   
125	130	132	134	   
125	130	132	134	   
125	130	132	134	   
125	130	132	134	   
126	130	133	134	   
126	131	133	134	   
126	131	133	135	   
126	131	133	135	   
126	131	133	135	   
127	131	133	135	   
127	131	134	135	   
127	132	134	136	   
127	132	135	136	   
127	133	135	136	   
127	133	135	136	   
128	133	135	136	   
128	133	135	136	   
128	134	136	137	   
128	134	136	137	   
128	134	136	138	   
129	134	136	138	   
129	134	136	138	   
129	134	137	138	   
129	135	137	138	   
129	135	137	139	   
130	135	137	139	   
131	135	137	139	   
131	135	137	139	   
131	136	138	139	   
131	136	138	140	   
131	136	138	140	   
131	136	138	140	   
132	136	138	140	   
132	136	138	140	   
132	137	139	140	   
132	137	139	141	   
132	137	139	141	   
133	137	140	141	   
133	138	140	141	   
133	138	140	141	   
133	139	140	141	   
133	139	141	142	   
134	139	141	142	   
134	139	141	142	   
134	139	141	143	   
134	139	141	143	   
134	140	142	143	   
134	140	142	144	   
135	140	142	144	   
135	140	142	144	   
136	140	142	144	   
136	141	142	144	   
136	141	143	144	   
136	141	143	145	   
137	141	143	145	   
137	141	143	145	   
137	141	143	145	   
137	142	143	145	   
137	142	144	145	   
138	142	144	146	   
138	142	144	146	   
138	142	144	146	   
138	143	145	146	   
138	144	145	146	   
138	144	145	147	   
139	144	146	147	   
139	144	146	147	   
139	144	146	147	   
139	144	146	147	   
139	145	146	148	   
140	145	147	148	   
140	145	147	149	   
140	145	147	149	   
140	145	147	149	   
140	146	147	149	   
141	146	147	149	   
142	146	148	149	   
142	146	148	150	   
142	146	148	150	   
142	146	148	150	   
142	147	148	150	   
142	147	148	150	   
143	147	149	151	   
143	147	149	151	   
143	147	149	151	   
143	148	149	151	   
143	148	149	151	   
144	148	150	151	   
144	149	150	152	   
144	149	151	152	   
144	149	151	152	   
144	149	151	152	   
145	150	151	152	   
145	150	151	152	   
145	150	152	153	   
145	150	152	154	   
145	150	152	154	   
145	151	152	154	   
146	151	152	154	   
146	151	152	154	   
147	151	153	155	   
147	151	153	155	   
147	151	153	155	   
147	152	153	155	   
148	152	153	155	   
148	152	153	155	   
148	152	154	156	   
148	152	154	156	   
148	153	154	156	   
149	153	154	156	   
149	153	154	156	   
149	153	154	156	   
149	153	155	157	   
149	154	156	157	   
149	154	156	157	   
150	155	156	157	   
150	155	156	157	   
150	155	156	158	   
150	155	157	158	   
150	155	157	159	   
151	156	157	159	   
151	156	157	159	   
151	156	157	159	   
151	156	157	159	   
151	156	158	160	   
152	156	158	160	   
153	157	158	160	   
153	157	158	160	   
153	157	158	160	   
153	157	158	161	   
153	157	159	161	   
153	158	159	161	   
154	158	159	161	   
154	158	159	161	   
154	158	159	161	   
154	158	160	162	   
154	158	160	162	   
155	159	161	162	   
155	159	161	162	   
155	159	161	162	   
155	159	161	162	   
155	159	161	163	   
156	160	162	163	   
156	160	162	163	   
156	160	162	163	   
156	161	162	163	   
156	161	162	164	   
156	161	162	164	   
157	161	163	164	   
157	162	163	164	   
158	162	163	164	   
158	162	163	165	   
158	162	163	165	   
158	162	163	166	   
159	163	164	166	   
159	163	164	166	   
159	163	164	166	   
159	163	164	166	   
159	163	164	166	   
160	163	165	167	   
160	164	165	167	   
160	164	165	167	   
160	164	166	167	   
160	164	166	167	   
160	164	166	168	   
161	165	166	168	   
161	165	167	168	   
161	165	167	168	   
161	165	167	168	   
161	165	167	168	   
162	165	167	169	   
162	166	167	169	   
162	166	168	169	   
162	166	168	169	   
162	166	168	169	   
163	166	168	169	   
164	167	168	170	   
164	167	168	170	   
164	167	169	170	   
164	167	169	170	   
164	167	169	170	   
164	167	169	171	   
165	168	169	171	   
165	169	170	171	   
165	169	170	171	   
165	169	170	171	   
165	169	170	171	   
166	169	171	172	   
166	170	171	173	   
166	170	171	173	   
166	170	172	173	   
166	170	172	173	   
167	170	172	173	   
167	170	172	173	   
167	171	172	174	   
167	171	172	174	   
167	171	173	174	   
167	171	173	174	   
168	171	173	174	   
168	172	173	175	   
169	172	173	175	   
169	172	173	175	   
169	172	174	175	   
169	172	174	175	   
170	172	174	175	   
170	173	174	176	   
170	173	174	176	   
170	173	175	176	   
170	173	175	176	   
171	173	175	176	   
171	174	175	176	   
171	174	175	177	   
171	174	176	177	   
171	174	176	177	   
171	174	177	177	   
172	174	177	177	   
172	175	177	178	   
172	175	177	178	   
172	175	177	178	   
172	175	177	178	   
173	176	178	178	   
173	176	178	178	   
173	177	178	179	   
173	177	178	179	   
173	177	178	179	   
174	177	178	179	   
175	177	179	180	   
175	177	179	180	   
175	178	179	180	   
175	178	179	181	   
175	178	179	181	   
175	178	180	181	   
176	178	180	181	   
176	179	180	181	   
176	179	180	182	   
176	179	180	182	   
176	179	180	182	   
177	179	181	182	   
177	179	182	182	   
177	180	182	182	   
177	180	182	183	   
177	180	182	183	   
178	180	182	183	   
178	180	182	183	   
178	181	183	183	   
178	181	183	183	   
178	181	183	184	   
178	181	183	184	   
179	181	183	184	   
179	181	183	184	   
180	182	184	184	   
180	182	184	185	   
180	182	184	185	   
180	182	184	185	   
181	182	184	185	   
181	183	185	185	   
181	183	185	185	   
181	184	185	186	   
181	184	185	186	   
182	184	185	186	   
182	184	185	186	   
182	184	186	186	   
182	185	187	186	   
182	185	187	187	   
182	185	187	188	   
183	185	187	188	   
183	185	187	188	   
183	186	187	188	   
183	186	188	188	   
183	186	188	189	   
184	186	188	189	   
184	186	188	189	   
184	187	188	189	   
184	187	188	189	   
184	187	189	189	   
185	187	189	190	   
186	187	189	190	   
186	187	189	190	   
186	188	189	190	   
186	188	190	190	   
186	188	190	191	   
186	188	190	191	   
187	188	190	191	   
187	189	190	191	   
187	189	190	191	   
187	189	191	191	   
187	189	191	192	   
188	189	192	192	   
188	189	192	192	   
188	190	192	192	   
188	190	192	192	   
188	190	192	192	   
189	190	193	193	   
189	190	193	193	   
189	191	193	193	   
189	191	193	193	   
189	191	193	193	   
189	191	194	194	   
190	191	194	194	   
190	191	194	194	   
191	192	194	194	   
191	193	194	194	   
191	193	194	194	   
191	193	195	195	   
192	193	195	195	   
192	193	195	195	   
192	194	195	195	   
192	194	195	196	   
192	194	195	196	   
193	194	196	196	   
193	194	196	197	   
193	194	196	197	   
193	195	197	197	   
193	195	197	197	   
193	195	197	197	   
194	195	197	198	   
194	195	198	198	   
194	196	198	198	   
194	196	198	198	   
194	196	198	198	   
195	196	198	198	   
195	196	199	199	   
195	196	199	199	   
195	197	199	199	   
195	197	199	199	   
196	197	199	199	   
196	197	199	199	   
196	197	200	200	   
196	198	200	200	   
196	198	200	200	   
196	198	200	200	   
197	198	200	200	   
197	198	200	201	   
197	198	201	201	   
197	199	201	201	   
197	199	201	201	   
198	199	201	201	   
199	199	201	201	   
199	199	201	202	   
199	200	202	202	   
199	200	202	202	   
199	200	202	202	   
199	200	202	202	   
200	200	202	202	   
200	200	203	203	   
200	201	203	203	   
200	201	203	203	   
200	201	203	203	   
201	201	203	203	   
201	201	204	204	   
201	202	204	204	   
201	203	205	204	   
201	203	205	204	   
202	203	205	204	   
202	203	205	204	   
202	203	205	205	   
202	203	205	205	   
202	204	206	206	   
202	204	206	206	   
203	204	206	206	   
203	204	206	206	   
203	204	206	206	   
203	205	206	207	   
203	205	207	207	   
204	205	207	207	   
204	205	207	207	   
204	205	207	207	   
204	205	207	208	   
204	206	208	208	   
205	206	208	208	   
205	206	208	208	   
205	206	208	208	   
205	206	208	208	   
205	207	208	209	   
205	207	209	209	   
206	207	209	209	   
206	207	209	209	   
206	207	209	209	   
206	207	209	209	   
206	208	209	210	   
207	208	210	210	   
207	208	210	210	   
207	208	210	210	   
207	208	210	210	   
207	209	210	211	   
208	209	210	211	   
208	209	211	211	   
209	209	211	211	   
209	209	211	211	   
209	209	211	211	   
209	210	211	212	   
209	210	212	212	   
210	210	212	212	   
210	210	212	212	   
210	210	212	212	   
210	211	212	212	   
210	211	212	213	   
211	211	213	213	   
211	211	213	213	   
211	211	214	213	   
211	211	214	213	   
211	212	214	214	   
212	213	214	214	   
212	213	214	214	   
212	213	215	214	   
212	213	215	214	   
212	213	215	214	   
212	214	215	215	   
213	214	215	216	   
213	214	215	216	   
213	214	216	216	   
213	214	216	216	   
213	214	216	216	   
214	215	216	216	   
214	215	216	217	   
214	215	217	217	   
214	215	217	217	   
214	215	217	217	   
215	216	217	217	   
215	216	217	218	   
215	216	217	218	   
215	216	218	218	   
215	216	218	218	   
215	216	218	218	   
216	217	218	218	   
216	217	218	219	   
216	217	218	219	   
216	217	219	219	   
216	217	219	219	   
217	218	219	219	   
217	218	219	219	   
217	218	219	220	   
217	218	220	220	   
217	218	220	220	   
218	218	220	220	   
218	219	220	220	   
218	219	220	221	   
219	219	220	221	   
219	219	221	221	   
219	219	221	221	   
219	220	221	221	   
220	220	221	221	   
220	220	221	222	   
220	220	221	222	   
220	220	222	222	   
220	220	222	222	   
221	221	222	222	   
221	221	222	223	   
221	221	222	223	   
221	221	223	223	   
221	221	223	223	   
222	222	224	223	   
222	222	224	223	   
222	222	224	224	   
222	222	224	224	   
222	222	224	224	   
222	222	225	224	   
223	223	225	224	   
223	224	225	224	   
223	224	225	225	   
223	224	225	225	   
223	224	225	225	   
224	224	226	225	   
224	225	226	226	   
224	225	226	226	   
224	225	226	227	   
224	225	226	227	   
225	225	226	227	   
225	225	227	227	   
225	226	227	227	   
225	226	227	227	   
225	226	227	228	   
225	226	227	228	   
226	226	227	228	   
226	227	228	228	   
226	227	228	228	   
226	227	228	228	   
226	227	228	229	   
227	227	228	229	   
227	227	229	229	   
227	228	229	229	   
227	228	229	229	   
227	228	229	230	   
228	228	229	230	   
228	228	229	230	   
228	229	230	230	   
228	229	230	230	   
229	229	230	230	   
229	229	230	231	   
229	229	230	231	   
230	229	230	231	   
230	230	231	231	   
230	230	231	231	   
230	230	231	231	   
230	230	231	232	   
231	230	231	232	   
231	231	231	232	   
231	231	232	232	   
231	231	232	232	   
231	231	233	233	   
232	231	233	233	   
232	231	233	233	   
232	232	233	233	   
232	232	234	233	   
232	232	234	233	   
232	232	234	234	   
233	232	234	234	   
233	233	234	234	   
233	233	234	234	   
233	233	235	234	   
233	233	235	234	   
234	233	235	235	   
234	233	235	235	   
234	234	235	235	   
234	234	235	235	   
234	234	236	235	   
235	234	236	236	   
235	234	236	236	   
235	235	236	236	   
235	235	236	236	   
235	236	236	236	   
235	236	237	236	   
236	236	237	237	   
236	236	237	237	   
236	236	237	237	   
236	237	237	237	   
236	237	238	238	   
237	237	238	238	   
237	237	238	238	   
237	237	238	239	   
237	238	238	239	   
237	238	238	239	   
238	238	239	239	   
238	238	239	239	   
238	238	239	240	   
238	238	239	240	   
238	239	239	240	   
239	239	239	240	   
239	239	240	240	   
240	239	240	240	   
240	239	240	241	   
240	240	240	241	   
240	240	240	241	   
240	240	240	241	   
241	240	241	241	   
241	240	241	241	   
241	240	241	242	   
241	241	241	242	   
241	241	241	242	   
242	241	242	242	   
242	241	243	242	   
242	241	243	243	   
242	242	243	243	   
242	242	243	243	   
242	242	243	243	   
243	242	243	243	   
243	242	244	243	   
243	242	244	244	   
243	243	244	244	   
243	243	244	244	   
244	243	244	244	   
244	243	244	244	   
244	243	245	244	   
244	244	245	245	   
244	244	245	245	   
245	244	245	245	   
245	244	245	245	   
245	244	245	245	   
245	244	246	246	   
245	245	246	246	   
245	245	246	246	   
246	245	246	246	   
246	245	246	246	   
246	245	247	246	   
246	246	247	247	   
246	246	247	247	   
247	246	247	247	   
247	246	247	247	   
247	246	247	247	   
247	247	248	247	   
247	247	248	248	   
248	247	248	248	   
248	248	248	248	   
248	249	248	248	   
248	249	248	248	   
248	249	249	249	   
248	249	249	249	   
249	250	249	249	   
250	250	249	250	   
250	250	249	250	   
250	250	250	250	   
250	250	250	250	   
250	251	250	251	   
251	251	250	251	   
251	251	250	251	   
251	251	250	251	   
251	251	251	251	   
251	251	251	252	   
252	252	251	252	   
252	252	252	252	   
252	252	252	252	   
252	252	252	252	   
252	252	252	252	   
252	253	253	253	   
253	253	253	253	   
253	253	253	253	   
253	253	253	253	   
253	253	253	253	   
253	253	253	253	   
254	254	254	254	   
254	254	254	254	   
254	254	254	254	   
254	254	254	254	   
254	254	254	254	   
255	255	255	255	 
